LexicalReordering0= -0.159364
LexicalReordering0= -0.000247272
LexicalReordering0= 0.0262143
LexicalReordering0= 0.0399135
LexicalReordering0= 0.0789692
LexicalReordering0= 0.0271277
Distortion0= 0.060303
LM0= 0.17782
WordPenalty0= -0.0275677
PhrasePenalty0= 0.136277
TranslationModel0= 0.109794
TranslationModel0= -0.0543823
TranslationModel0= -0.00118929
TranslationModel0= 0.10083
