LexicalReordering0= -0.159482
LexicalReordering0= -0.000247454
LexicalReordering0= 0.0262336
LexicalReordering0= 0.039943
LexicalReordering0= 0.0790275
LexicalReordering0= 0.0271477
Distortion0= 0.0603475
LM0= 0.177951
WordPenalty0= -0.027588
PhrasePenalty0= 0.136378
TranslationModel0= 0.109875
TranslationModel0= -0.0544224
TranslationModel0= -0.00119017
TranslationModel0= 0.100167
